1000
4174 9630
4851 84
7875 9575
3319 1439
6221 4322
8821 7321
2099 4497
7398 8838
8107 4318
2898 272
8789 73
9233 4078
7644 8725
7216 1256
7288 7668
839 1529
1991 2928
3784 7445
3709 1132
427 5309
8697 5018
5048 721
2443 9342
5044 7350
1059 1858
4624 3320
9835 251
3245 1
4584 3084
6821 4187
4509 2699
2086 9522
6080 1521
8336 5582
2001 8645
1826 8576
8 5371
7664 8250
7118 4872
2807 6212
5759 9593
516 5596
2927 4485
9426 3021
7739 6289
7426 1508
1297 195
5824 6543
2530 4265
1827 1654
8390 618
3589 4607
8241 6541
3076 573
6789 5144
9481 4472
7720 6412
8263 1155
3016 2272
9174 1594
5468 1450
8960 6090
7852 8821
9787 3110
9044 5616
9081 6614
2676 4771
7980 4179
2028 5288
9198 9377
119 3431
6208 1355
5765 9569
9825 7846
286 2322
4545 3279
9443 6209
4551 5670
2999 6458
1296 4383
30 2862
9193 5206
7124 6344
1311 9939
6081 1204
8212 7374
9932 6683
2021 2421
6494 9154
3130 7308
3545 5332
4413 8580
4649 9341
9902 703
793 1896
8327 163
9816 8891
1692 3197
8157 8722
549 4712
2889 6713
5503 2766
5981 3838
8303 4477
2588 2550
7609 3902
4066 5678
1072 2643
6613 2453
8383 2670
2218 1449
1207 7658
9435 3887
3146 1844
9128 7271
7784 3193
1019 2607
727 3079
4945 3047
4328 7900
38 3812
4199 8548
2816 9721
868 2481
1407 4451
400 9611
6883 5108
2618 1483
1534 9170
8859 6194
315 9345
4686 255
2352 1438
9508 1329
432 8909
4486 3242
2612 5990
9805 5957
2155 267
9103 2521
1183 5374
9562 9517
2394 2080
5894 5358
9305 6125
102 2320
1696 3206
3584 5410
3775 2431
1741 4325
2979 5242
2754 8462
159 6035
2832 3561
1372 2110
2362 128
8638 5326
9285 5245
7754 8023
3956 5949
6485 8966
2421 2853
175 4640
9157 41
1024 2104
3291 4363
2817 2309
996 3392
302 8195
5963 5353
4986 953
7884 9009
7011 7243
649 9602
6120 3344
4844 4558
7353 1975
7326 378
1278 341
8439 5709
7611 7042
1527 3066
4338 9590
8964 809
6745 2318
2309 6349
6141 7251
8031 3042
2855 9661
1774 9189
8654 9363
1718 7129
2269 3334
602 6807
4071 8991
3580 1381
3129 2198
2551 7546
1630 8549
3226 9825
3736 1084
9253 9820
7678 7910
7513 3515
8801 8412
2283 7166
9603 9384
5625 4247
9370 2989
8465 9539
7937 5717
7390 7898
481 8123
1203 5941
5710 4330
1005 5263
1604 5541
5684 2831
9364 1817
8931 3590
2489 464
5001 9412
3984 3159
9967 6671
5639 2018
9706 2535
3029 4863
9491 3507
7579 9896
3829 176
1753 6829
4646 8284
2916 1265
1994 702
3431 6004
7237 6600
7639 2849
7024 8367
2668 5192
7726 7034
5836 1567
783 8010
5354 2757
7396 1097
1183 6503
5507 7670
1864 4086
8846 5759
7393 4968
9007 2544
735 558
2503 7756
1284 8199
1416 4728
1759 899
5311 5376
5266 8379
7958 9205
8920 2174
6504 3732
5830 1455
5590 5165
3377 1661
650 3665
1457 659
4587 2957
4597 945
7152 9671
8231 6442
5512 2983
1521 449
8714 9144
5312 9261
696 4847
6360 6804
1801 6347
4904 9399
3862 2125
2255 1563
7765 5386
3150 712
8101 5870
5264 149
1498 5140
2137 8643
2618 3107
6379 2152
1814 7659
5134 3855
7197 5761
0 623
3389 1287
4027 2281
7147 1807
6919 2246
7478 1713
1056 7568
2119 699
9913 2064
971 6057
4432 5928
7540 1637
5988 4609
8076 416
2741 2936
2700 5490
1866 8517
2029 5535
441 7644
8237 1259
4419 1383
4964 5311
4301 2036
711 5115
9879 8107
6124 7262
9862 9491
3823 597
5860 101
1621 1552
8379 4576
2879 1371
8142 7359
5297 3484
6393 8632
1427 5784
2570 5863
7752 4555
8095 2218
2222 6119
6194 7838
7093 9932
947 8890
9283 1338
2276 7354
3383 7075
6683 9679
444 1764
4707 7701
1425 6933
2980 8453
2519 1711
2276 1788
8490 1389
2654 1820
963 3430
9586 8337
1901 955
1821 6519
2168 7932
4603 7082
491 8704
4522 4749
4076 516
1601 7615
8228 2323
9072 3148
3279 3623
5210 6176
7714 703
4272 7377
2752 3329
2176 7597
6462 1858
1630 7601
4997 8244
209 3675
4120 4495
4850 9123
3959 3572
8560 550
4180 5197
4087 7123
6980 5433
6131 9098
5543 4791
5327 3792
6603 7584
1315 8360
6270 506
61 7423
7331 1162
7855 6279
6104 2681
3930 4967
9013 6827
2249 3008
7335 2348
3521 4851
5629 3772
567 3233
9987 5053
5971 6035
1341 7290
211 9820
4710 474
5651 2411
3626 6597
5996 7717
625 3366
8570 50
6894 2738
3491 9639
870 8600
6181 6404
2740 1833
9902 1551
4172 5834
6898 6369
8990 3496
2841 4847
7518 2747
4711 748
3682 8254
16 29
6988 2365
8891 2205
6761 7552
8342 4305
8616 24
5883 9151
559 5528
753 699
3579 3350
4886 962
310 9345
6268 1067
5550 4644
9633 7290
2195 5324
9459 7239
9617 1831
2788 4862
6511 7470
8715 2856
1223 1797
8059 1594
7303 96
3895 3773
8807 1224
22 6046
3101 7933
8324 2550
7549 6430
7818 1421
6437 792
9102 4282
5288 1324
7005 7055
5544 3556
1753 355
4457 966
3150 2303
8228 9033
4265 5853
8346 488
7403 5149
5594 4454
2698 9818
4613 241
8280 8125
6879 5897
9576 3616
8664 579
6063 7878
6460 6825
8760 5545
7512 7524
7675 9908
1790 6861
9262 1235
3035 1280
3739 167
3062 6818
5540 5374
188 1156
2277 7986
9962 1208
6746 8609
9530 1204
7793 9261
1667 2085
7968 9156
6394 6102
8698 4179
3485 6353
446 7895
6065 9445
7985 1364
6745 6729
9933 8170
2843 3360
9913 1652
1934 7245
3403 7379
7255 4984
3339 8730
6772 706
74 1131
2232 5973
3827 4947
9240 6848
9073 3025
8517 2706
706 3532
6619 6916
8650 6374
4569 1212
4603 2603
9475 1087
6499 8959
1861 2807
4390 6647
6120 9541
4397 5094
4041 1049
6751 9339
9256 400
560 1337
3823 7885
248 9832
4164 1131
5861 1834
8640 8177
4771 5456
3537 3607
9914 7133
5724 1272
8713 6203
5559 6473
2722 9421
3191 2649
1702 8389
5237 1161
7250 151
3302 286
2730 3486
2363 1381
8197 3918
1750 662
7689 2121
3807 1164
4457 4901
3574 548
6316 6190
5209 404
6528 3400
6168 6734
686 7656
7623 3236
1184 9844
3396 1550
5888 8855
170 9002
3683 138
2949 9716
1174 1808
1478 1143
6167 6176
793 6514
1591 8232
8390 4030
5919 3839
7349 9439
7329 3836
2822 57
1328 1702
7359 6261
2467 2060
807 2516
5573 8294
9171 1027
3585 3163
3710 4719
4172 2388
9582 9691
6707 1249
7157 8304
3463 8459
7926 8773
262 8153
1513 7775
3580 6231
4640 5338
1290 355
699 5304
5750 1562
1400 4922
6594 1060
9167 4093
8369 3115
2797 2470
8839 8065
608 5202
4193 4194
2515 7383
8662 5735
345 1871
7996 5917
8735 5414
8957 6598
3309 705
1323 3406
2350 1905
2418 9809
8017 9721
7277 987
5646 7420
9548 6032
3805 491
8996 2733
5315 862
3319 3470
3006 3312
7094 4162
3796 4992
917 940
5303 1381
8030 8203
475 7121
2120 2716
6395 8618
1880 1246
8457 1749
2633 3638
7781 5428
3993 9445
5648 1137
7268 4919
848 6859
4788 1884
1862 7217
7625 9132
7615 5484
6838 9543
5961 4818
6236 4220
1942 520
1787 6651
3909 1768
742 3899
607 7828
2230 6144
720 313
9618 2632
5031 2759
7454 917
9023 2640
5617 2528
7150 4959
107 236
270 4956
9687 1592
6571 1725
4605 6409
8108 5038
4299 968
789 996
8149 3863
7324 3438
2795 5834
2682 3357
8394 7844
4789 9222
4741 2543
2316 2774
2662 5072
1059 9365
5167 7706
2623 6782
2102 8946
8436 9918
7041 9059
3869 7563
8654 8387
2907 1895
2534 1046
2435 8181
2306 2929
1025 6795
5390 3425
3025 7384
3486 5293
31 1752
5919 2729
6717 4038
4671 1901
8470 7713
6015 7990
6896 2882
7575 6411
4503 1709
9579 2082
6120 8854
3581 5652
4715 5366
8499 558
7925 6574
5723 5818
9548 1531
8492 2429
9740 2858
703 6594
8601 4366
1581 4871
7350 6097
2906 6614
7030 7383
6291 2200
5378 2489
1844 7477
5194 2352
8317 1086
4399 3615
2214 3550
7088 1686
2752 942
3011 869
2750 9097
9879 3230
1876 7952
9751 7375
5102 6894
4994 6990
37 878
2281 7221
2574 780
9688 1504
5171 6057
5800 5572
8261 147
2484 3683
1874 2468
7659 3949
292 6394
2934 5065
3883 5543
4587 7908
6012 8826
6321 8777
4265 1502
5940 4979
947 8225
539 2287
4397 6583
5288 7764
563 2640
688 5319
4042 8503
5244 7306
4202 2989
9055 9734
6826 1558
6617 9913
4411 5970
8524 5633
2968 7518
1437 5946
7371 7852
6908 8804
7411 1072
3687 6536
9973 5581
4540 4572
1825 7216
1598 1638
583 7066
9114 7278
4314 4436
6571 6630
4307 1102
8698 3390
6216 5208
2586 1331
8111 5221
4147 4264
1710 1837
1629 2024
2581 2738
6463 4058
4494 5765
4057 5894
9699 3257
9103 5144
2193 2057
3911 9555
8332 6214
133 1447
6324 9219
1940 3365
4662 2340
7192 7586
9797 5716
2945 2619
5866 1559
4003 3801
1242 7983
5924 8357
8743 5411
134 8189
2394 8524
9605 6742
8815 9746
163 7685
9985 1495
9091 8073
2680 4898
562 4027
7488 7919
2972 7738
7005 8708
5358 1232
5195 2231
2008 24
1834 2126
3974 7604
7386 4615
6127 4506
7779 3818
9549 9087
8905 9580
4062 6967
4750 3333
2202 1787
9448 6484
8551 588
100 65
5545 2887
9403 9699
5853 5690
2789 148
6440 3062
8491 5633
4684 4645
1409 8070
3099 4510
8099 6618
3919 886
3151 4535
6872 3705
5348 2285
5255 2634
8953 3494
236 8247
3618 2717
9739 3937
6814 3739
4004 570
9268 8018
2451 1056
5584 5822
4581 1289
3128 3049
1692 623
4323 1838
2756 7262
940 9024
7399 9131
5988 540
7454 1432
9206 3675
218 1605
4351 845
1026 9081
2126 5507
8109 7586
344 9611
9042 329
8398 449
9150 9065
1635 7796
2086 4577
2521 3239
8030 824
8860 1961
345 8433
8081 2263
9809 3791
7232 8624
8682 9419
15 202
4610 4643
8193 1187
2188 5477
560 458
2333 1821
8150 4175
3286 5179
6930 7065
1699 2249
2153 7734
7171 5419
9931 2072
9770 4919
4215 686
8803 4279
9201 8736
8106 6429
260 5984
4841 2454
7875 4781
7713 8290
3860 1961
8827 3235
7087 5469
1695 4501
1843 7052
5781 3197
3290 8454
2859 9364
3758 5390
5574 4838
3724 4413
9020 9861
136 4184
2946 7156
6385 6256
4337 1665
2918 1353
4606 5858
6457 6253
5578 8628
6371 8321
215 9984
7240 3433
3341 831
1244 2007
8299 3071
3703 2298
3746 8422
1109 2421
2030 118
2673 2252
1686 7858
1939 6231
6103 3728
9047 48
1340 5007
1104 863
5793 3099
5868 792
1447 1279
1754 4563
1402 2203
9802 5821
2946 3846
628 1005
1047 3749
9403 1274
745 2108
8931 5227
1150 3236
2177 3086
6781 2270
8338 7053
1258 8343
4879 2685
6147 925
8991 761
4427 6257
8765 4016
3253 4429
3068 538
5763 632
7016 1888
3999 680
1598 7885
1003 5415
6479 4431
132 72
1761 1874
7708 5084
7751 9631
3447 6545
4659 289
9270 4970
2345 5977
2803 3956
2501 6995
9836 760
4799 5496
2675 2557
109 8501
6501 3168
3130 443
6666 9094
3062 7832
1357 5633
1279 3911
2556 402
9086 9283
5714 2718
3909 6402
8467 7235
1623 1104
2040 5996
4280 6329
3964 6052
487 587
8069 6808
